%把這問題視為Ax=B 解x
%A矩陣內容為x係數
A=[-2.0 5.0 1.0 3.0 4.0 -1.0 ; 2.0 -1.0 -5.0 -2.0 6.0 4.0 ; -1.0 6.0 -4.0 -5.0 3.0 -1.0 
   4.0 3.0 -6.0 -5.0 -2.0 -2.0 ; -3.0 6.0 4.0 2.0 -6.0 4.0 ; 2.0 4.0 4.0 4.0 5.0 -4.0];
%B矩陣內容為x各項和
B=[0.0 1.0 -6.0 10.0 -6.0 -2.0];
x=B*A^(-1)